56795
24360
30496
2927
10124
42356
58908
47377
14139
19668
36143
15656
45422
45316
38952
6704
29932
56415
32924
44738
29249
61189
14622
8320
62171
32380
26446
41985
62088
18421
52466
8669
20440
23627
33372
32877
56378
13364
59589
35165
18364
33132
45283
22538
43142
48830
7313
64598
59333
24921
55468
60145
46754
37350
47617
31438
13082
44928
3094
64876
1843
51869
28291
34611
21175
15824
56343
46270
61757
36636
544
15246
55613
39329
37990
57006
9885
28158
36767
5245
30804
27447
5891
53372
18297
23332
46594
9381
49832
12361
43969
55279
5429
47081
38501
21885
15029
50750
24454
3961
3793
13449
60611
21638
64469
23829
32339
50376
57787
32951
13629
52842
49238
55339
19051
34610
41859
45515
39633
41870
58505
22093
20994
25033
14841
64777
24493
54272
19468
38604
44140
47889
45209
58586
35457
64236
48062
13696
63142
53924
31582
16393
59269
21486
20511
17391
7845
56125
53325
37459
55055
28392
13596
39442
60396
15858
21093
1508
63222
59707
43371
21847
47917
43418
16823
62851
28437
48529
42252
24802
4604
12197
17873
24468
36011
64896
12184
36412
34548
54760
45267
51758
25465
4813
36954
47583
63934
45848
51902
6374
24265
63498
1904
45902
15821
57862
19939
38170
1994
13008
44141
9396
10727
21959
48775
61897
51689
48100
25654
33335
30120
57182
45334
25693
10516
27636
40209
7532
60843
33701
25469
987
45320
62914
42276
54697
19974
38508
18317
32879
57382
61683
64732
33309
33328
60960
15732
60736
29540
64205
64499
7911
8354
59761
18101
50946
50258
31888
32027
64152
47016
61118
27431
39353
23895
14680
2421
40409
59464
33607
25325
43163
33686
24467
10847
60191
23337
5734
22888
49924
14618
31866
7500
163
21220
9047
50827
497
9539
23095
8857
47896
65074
23112
60716
33143
58504
33667
1452
21435
46023
6072
1575
18962
31763
57847
18883
30925
61677
36716
33128
34281
4298
44640
39992
27529
19225
46702
3912
52805
36024
46271
51758
9000
33817
9702
21951
54746
37122
49115
31980
12424
38791
59084
20060
62647
60883
55933
27985
8827
59314
21673
19209
8926
56543
63172
37923
30444
42783
3070
35079
48875
26226
30242
6713
47426
15178
9985
2733
5710
44079
65276
28841
19145
40035
57783
10697
1259
20461
1783
1673
30195
42259
7349
62922
10813
53338
31587
34536
55749
56465
7164
63983
8765
32842
64354
26380
61131
33949
19907
31035
59568
45281
10667
53795
25416
39960
56093
34531
3489
49669
46604
44256
20642
5714
17101
41836
43549
4028
57616
32970
55341
48719
17609
44998
5260
7770
26216
39980
35269
7319
62238
6400
11304
64192
60660
39136
4866
15695
54094
6250
45935
32503
21919
51574
6607
25516
39257
50512
39336
3822
33882
49521
53698
36621
11255
32400
17336
27691
35046
19076
53127
13627
20428
58299
56563
29364
24398
40484
55833
48294
36238
11913
30882
60545
55853
42962
64968
4253
42342
16076
21863
11310
43817
27102
61735
8409
10250
5157
58302
51929
59452
23459
61543
15569
40018
49713
18748
47180
57021
48497
36809
700
61010
9456
64076
51178
32560
27547
43547
2347
49968
48265
44184
2040
12132
44909
31851
33187
45880
8398
21581
31809
23129
59895
13425
53680
23040
28166
5865
18474
42994
47609
45908
34618
41605
58855
7772
61359
24705
27474
2751
7216
45982
49373
65408
6640
8849
5064
18048
46287
26417
54496
63316
11052
48024
48644
26904
25353
17653
18581
39538
8045
42610
26909
7671
32988
36806
627
45738
18990
27835
28685
34894
25254
4807
58656
61116
713
60024
8677
49581
63927
473
13137
47257
53366
15786
61599
4073
65200
28450
42701
65196
23578
64946
41445
38368
57982
36273
57189
64779
18764
12443
23088
18226
5103
14197
53260
7056
6966
22213
12286
13056
7991
62224
47448
50759
30008
53108
12841
52793
52198
1097
4617
48547
23176
52027
29054
49689
42273
59419
30588
48229
35619
64356
43814
59355
18207
64418
24853
31041
49100
12202
42638
34494
25659
62320
56065
64131
20981
7662
14024
40411
45862
14079
65003
60004
53191
41423
5293
65406
57083
10836
12925
6848
6056
56384
29727
18413
8517
60929
37057
44893
55793
48511
19525
17878
25922
9234
54476
30203
51906
44555
51106
16082
45800
54962
29493
52182
24846
15751
13902
38574
10107
45935
20808
4182
47960
63650
10693
50291
61626
27769
34309
3350
9669
51559
5898
11348
38641
14160
21062
60283
51312
36759
63766
27136
24948
3751
12196
18568
14369
61687
62159
54015
51289
37756
28410
47016
65251
48040
56570
32019
46437
10158
24732
36237
46348
38640
494
57554
52626
8837
27039
7292
61108
10523
1526
17627
7077
52733
47817
41861
5309
19281
8357
31339
15257
12753
38657
4748
15315
24189
22671
6208
38407
36733
14436
27945
12055
22197
26666
19691
20906
55502
27723
1720
12120
40126
20417
38429
24757
22705
61412
2595
23297
30595
24009
9866
30366
15430
28729
49220
20022
18875
41985
34921
49799
43136
53685
53223
19887
37380
25879
5804
377
36562
3220
17084
14939
17958
990
15222
56073
33181
31934
29400
40667
54366
25141
65146
33323
24443
64773
9358
25418
53199
27439
21036
17210
51859
34495
63658
5885
3959
47402
47876
65417
1915
22587
4984
19236
53595
58837
24642
38394
3451
54658
19724
11373
17844
5974
20955
57202
18459
28776
32690
25895
49238
51991
54154
13613
51280
58848
37266
21626
45218
46061
51516
28214
27073
2062
42710
53926
27308
48778
62772
57499
48873
7576
33257
3451
48766
62607
38072
14878
27929
38946
30619
33640
21638
914
3098
62321
65431
34047
34120
50896
51369
41718
48995
47163
8038
42115
1861
32397
34699
61558
59662
23946
35689
34174
17965
3028
33783
8365
15489
59227
8950
23494
37348
22741
62599
36360
26163
44384
54029
35304
59734
38603
27626
17895
1986
58937
15546
65363
15952
7528
51315
45280
41552
49077
31073
40354
15616
12475
43465
55394
65014
45536
30722
53464
7916
11788
21984
6446
298
59886
3229
26531
31091
33601
14495
51044
38735
33089
61789
33298
10286
57296
29642
26139
14826
46118
42788
7743
27584
16723
18211
39363
60447
29437
22941
25572
5607
55598
29391
59841
64634
30702
43261
20690
9177
19451
6265
47885
44320
33377
33281
53706
30804
30360
2498
43706
63216
30923
64235
42035
32472
47109
58595
38074
63546
63646
33404
38552
25073
47750
55984
